Prev_Theta1	Prev_Theta2	Start_Theta1	Start_Theta2	End_Theta1	End_Theta2	Torque1	Torque2
0.523599	0.523599	0.523599	0.523599	0.519799	0.522427	-38.00	-39.55
0.523599	0.523599	0.519799	0.522427	0.512852	0.520198	-31.47	-35.70
0.519799	0.522427	0.512852	0.520198	0.503450	0.517007	-24.55	-32.46
0.512852	0.520198	0.503450	0.517007	0.492264	0.512886	-17.85	-31.37
0.503450	0.517007	0.492264	0.512886	0.479709	0.507892	-13.67	-29.49
0.492264	0.512886	0.479709	0.507892	0.466137	0.502087	-10.19	-27.36
0.479709	0.507892	0.466137	0.502087	0.451834	0.495532	-7.29	-25.32
0.466137	0.502087	0.451834	0.495532	0.437074	0.488340	-4.57	-21.49
0.451834	0.495532	0.437074	0.488340	0.422086	0.480557	-2.29	-19.96
0.437074	0.488340	0.422086	0.480557	0.406920	0.472221	-1.77	-18.66
0.422086	0.480557	0.406920	0.472221	0.391700	0.463388	-0.55	-16.81
0.406920	0.472221	0.391700	0.463388	0.376632	0.454112	1.53	-14.91
0.391700	0.463388	0.376632	0.454112	0.361683	0.444426	1.19	-13.84
0.376632	0.454112	0.361683	0.444426	0.346965	0.434380	2.31	-12.19
0.361683	0.444426	0.346965	0.434380	0.332638	0.424010	3.92	-10.89
0.346965	0.434380	0.332638	0.424010	0.318684	0.413358	3.72	-9.56
0.332638	0.424010	0.318684	0.413358	0.305126	0.402462	3.95	-8.18
0.318684	0.413358	0.305126	0.402462	0.291999	0.391357	4.32	-7.09
0.305126	0.402462	0.291999	0.391357	0.279299	0.380084	4.27	-5.70
0.291999	0.391357	0.279299	0.380084	0.267108	0.368667	5.10	-4.82
0.279299	0.380084	0.267108	0.368667	0.255320	0.357158	4.02	-3.14
0.267108	0.368667	0.255320	0.357158	0.244082	0.345576	5.50	-2.44
0.255320	0.357158	0.244082	0.345576	0.233363	0.333947	5.19	-1.59
0.244082	0.345576	0.233363	0.333947	0.223117	0.322296	4.73	-0.75
0.233363	0.333947	0.223117	0.322296	0.213271	0.310661	3.99	0.55
0.223117	0.322296	0.213271	0.310661	0.203886	0.299061	4.62	1.19
0.213271	0.310661	0.203886	0.299061	0.194927	0.287499	4.24	1.24
0.203886	0.299061	0.194927	0.287499	0.186303	0.276029	3.37	3.17
0.194927	0.287499	0.186303	0.276029	0.178012	0.264659	3.32	3.33
0.186303	0.276029	0.178012	0.264659	0.169995	0.253372	2.75	2.82
0.178012	0.264659	0.169995	0.253372	0.162246	0.242200	2.68	3.87
0.169995	0.253372	0.162246	0.242200	0.154878	0.231153	3.81	4.20
0.162246	0.242200	0.154878	0.231153	0.147883	0.220247	3.73	4.81
0.154878	0.231153	0.147883	0.220247	0.141130	0.209502	2.41	5.40
0.147883	0.220247	0.141130	0.209502	0.134687	0.198964	3.10	6.99
0.141130	0.209502	0.134687	0.198964	0.128498	0.188632	2.54	6.97
0.134687	0.198964	0.128498	0.188632	0.122617	0.178488	3.07	6.31
0.128498	0.188632	0.122617	0.178488	0.117050	0.168555	3.14	7.16
0.122617	0.178488	0.117050	0.168555	0.111741	0.158870	2.59	8.38
0.117050	0.168555	0.111741	0.158870	0.106694	0.149401	2.61	7.25
0.111741	0.158870	0.106694	0.149401	0.101840	0.140190	1.93	8.75
0.106694	0.149401	0.101840	0.140190	0.097206	0.131202	2.20	7.49
0.101840	0.140190	0.097206	0.131202	0.092813	0.122435	2.42	7.49
0.097206	0.131202	0.092813	0.122435	0.088630	0.113903	2.10	7.91
0.092813	0.122435	0.088630	0.113903	0.084617	0.105642	1.69	9.17
0.088630	0.113903	0.084617	0.105642	0.080750	0.097625	1.47	8.22
0.084617	0.105642	0.080750	0.097625	0.077083	0.089902	2.00	9.95
0.080750	0.097625	0.077083	0.089902	0.073564	0.082446	1.47	8.98
0.077083	0.089902	0.073564	0.082446	0.070224	0.075249	1.80	8.76
0.073564	0.082446	0.070224	0.075249	0.067029	0.068298	1.44	8.30
0.070224	0.075249	0.067029	0.068298	0.063998	0.061628	1.64	9.48
0.067029	0.068298	0.063998	0.061628	0.061111	0.055214	1.45	8.63
0.063998	0.061628	0.061111	0.055214	0.058368	0.049075	1.43	9.31
0.061111	0.055214	0.058368	0.049075	0.055752	0.043184	1.27	8.34
0.058368	0.049075	0.055752	0.043184	0.053231	0.037553	0.96	8.79
0.055752	0.043184	0.053231	0.037553	0.050806	0.032163	0.95	8.13
0.053231	0.037553	0.050806	0.032163	0.048467	0.027042	0.86	9.07
0.050806	0.032163	0.048467	0.027042	0.046230	0.022180	1.03	8.74
0.048467	0.027042	0.046230	0.022180	0.044112	0.017580	1.19	8.87
0.046230	0.022180	0.044112	0.017580	0.042106	0.013205	1.11	7.57
0.044112	0.017580	0.042106	0.013205	0.040189	0.009039	0.90	7.08
0.042106	0.013205	0.040189	0.009039	0.038355	0.005087	0.83	7.20
0.040189	0.009039	0.038355	0.005087	0.036611	0.001360	0.89	7.62
0.038355	0.005087	0.036611	0.001360	0.034949	-0.002156	0.83	7.11
0.036611	0.001360	0.034949	-0.002156	0.033373	-0.005472	0.86	6.74
0.034949	-0.002156	0.033373	-0.005472	0.031865	-0.008575	0.67	7.18
0.033373	-0.005472	0.031865	-0.008575	0.030433	-0.011494	0.76	6.22
0.031865	-0.008575	0.030433	-0.011494	0.029074	-0.014213	0.73	6.75
0.030433	-0.011494	0.029074	-0.014213	0.027770	-0.016732	0.56	6.75
0.029074	-0.014213	0.027770	-0.016732	0.026529	-0.019065	0.63	6.28
0.027770	-0.016732	0.026529	-0.019065	0.025334	-0.021233	0.46	5.60
0.026529	-0.019065	0.025334	-0.021233	0.024196	-0.023231	0.57	5.69
0.025334	-0.021233	0.024196	-0.023231	0.023109	-0.025048	0.51	6.15
0.024196	-0.023231	0.023109	-0.025048	0.022074	-0.026701	0.52	5.49
0.023109	-0.025048	0.022074	-0.026701	0.021089	-0.028193	0.50	5.45
0.022074	-0.026701	0.021089	-0.028193	0.020146	-0.029538	0.41	4.97
0.021089	-0.028193	0.020146	-0.029538	0.019246	-0.030733	0.44	5.08
0.020146	-0.029538	0.019246	-0.030733	0.018381	-0.031796	0.35	4.42
0.019246	-0.030733	0.018381	-0.031796	0.017550	-0.032738	0.34	4.12
0.018381	-0.031796	0.017550	-0.032738	0.016756	-0.033562	0.37	3.94
0.017550	-0.032738	0.016756	-0.033562	0.015989	-0.034259	0.27	4.32
0.016756	-0.033562	0.015989	-0.034259	0.015258	-0.034832	0.37	4.15
0.015989	-0.034259	0.015258	-0.034832	0.014563	-0.035299	0.35	3.61
0.015258	-0.034832	0.014563	-0.035299	0.013895	-0.035668	0.28	3.31
0.014563	-0.035299	0.013895	-0.035668	0.013253	-0.035944	0.25	3.12
0.013895	-0.035668	0.013253	-0.035944	0.012640	-0.036131	0.29	2.99
0.013253	-0.035944	0.012640	-0.036131	0.012061	-0.036233	0.34	2.88
0.012640	-0.036131	0.012061	-0.036233	0.011506	-0.036250	0.23	2.89
0.012061	-0.036233	0.011506	-0.036250	0.010981	-0.036192	0.31	2.50
0.011506	-0.036250	0.010981	-0.036192	0.010484	-0.036057	0.28	2.62
0.010981	-0.036192	0.010484	-0.036057	0.010012	-0.035852	0.24	2.35
0.010484	-0.036057	0.010012	-0.035852	0.009556	-0.035584	0.16	2.14
0.010012	-0.035852	0.009556	-0.035584	0.009116	-0.035257	0.17	1.96
0.009556	-0.035584	0.009116	-0.035257	0.008698	-0.034875	0.21	1.89
0.009116	-0.035257	0.008698	-0.034875	0.008297	-0.034438	0.17	1.85
0.008698	-0.034875	0.008297	-0.034438	0.007913	-0.033954	0.17	1.58
0.008297	-0.034438	0.007913	-0.033954	0.007548	-0.033429	0.19	1.41
0.007913	-0.033954	0.007548	-0.033429	0.007197	-0.032864	0.14	1.33
0.007548	-0.033429	0.007197	-0.032864	0.006859	-0.032263	0.14	1.22
0.007197	-0.032864	0.006859	-0.032263	0.006537	-0.031629	0.15	1.11
0.006859	-0.032263	0.006537	-0.031629	0.006229	-0.030964	0.14	1.02
0.006537	-0.031629	0.006229	-0.030964	0.005934	-0.030272	0.14	0.92
0.006229	-0.030964	0.005934	-0.030272	0.005655	-0.029557	0.16	0.79
0.005934	-0.030272	0.005655	-0.029557	0.005389	-0.028821	0.13	0.70
0.005655	-0.029557	0.005389	-0.028821	0.005136	-0.028067	0.12	0.61
0.005389	-0.028821	0.005136	-0.028067	0.004894	-0.027298	0.12	0.51
0.005136	-0.028067	0.004894	-0.027298	0.004666	-0.026516	0.13	0.44
0.004894	-0.027298	0.004666	-0.026516	0.004446	-0.025724	0.09	0.33
0.004666	-0.026516	0.004446	-0.025724	0.004236	-0.024925	0.10	0.27
0.004446	-0.025724	0.004236	-0.024925	0.004037	-0.024119	0.10	0.20
0.004236	-0.024925	0.004037	-0.024119	0.003847	-0.023309	0.10	0.13
0.004037	-0.024119	0.003847	-0.023309	0.003666	-0.022497	0.10	0.10
0.003847	-0.023309	0.003666	-0.022497	0.003494	-0.021684	0.08	-0.02
0.003666	-0.022497	0.003494	-0.021684	0.003330	-0.020874	0.07	-0.04
0.003494	-0.021684	0.003330	-0.020874	0.003174	-0.020066	0.09	-0.10
0.003330	-0.020874	0.003174	-0.020066	0.003025	-0.019264	0.07	-0.19
0.003174	-0.020066	0.003025	-0.019264	0.002882	-0.018469	0.06	-0.23
0.003025	-0.019264	0.002882	-0.018469	0.002747	-0.017683	0.08	-0.30
0.002882	-0.018469	0.002747	-0.017683	0.002620	-0.016904	0.08	-0.24
0.002747	-0.017683	0.002620	-0.016904	0.002497	-0.016133	0.06	-0.27
0.002620	-0.016904	0.002497	-0.016133	0.002381	-0.015374	0.05	-0.40
0.002497	-0.016133	0.002381	-0.015374	0.002270	-0.014629	0.07	-0.47
0.002381	-0.015374	0.002270	-0.014629	0.002166	-0.013895	0.06	-0.37
0.002270	-0.014629	0.002166	-0.013895	0.002067	-0.013176	0.05	-0.54
0.002166	-0.013895	0.002067	-0.013176	0.001972	-0.012474	0.04	-0.54
0.002067	-0.013176	0.001972	-0.012474	0.001882	-0.011788	0.04	-0.54
0.001972	-0.012474	0.001882	-0.011788	0.001795	-0.011115	0.04	-0.44
0.001882	-0.011788	0.001795	-0.011115	0.001712	-0.010458	0.04	-0.54
0.001795	-0.011115	0.001712	-0.010458	0.001633	-0.009819	0.04	-0.59
0.001712	-0.010458	0.001633	-0.009819	0.001558	-0.009195	0.04	-0.51
0.001633	-0.009819	0.001558	-0.009195	0.001486	-0.008586	0.03	-0.54
0.001558	-0.009195	0.001486	-0.008586	0.001417	-0.007998	0.03	-0.66
0.001486	-0.008586	0.001417	-0.007998	0.001351	-0.007429	0.03	-0.67
0.001417	-0.007998	0.001351	-0.007429	0.001289	-0.006878	0.03	-0.60
0.001351	-0.007429	0.001289	-0.006878	0.001229	-0.006343	0.02	-0.54
0.001289	-0.006878	0.001229	-0.006343	0.001172	-0.005828	0.03	-0.69
0.001229	-0.006343	0.001172	-0.005828	0.001117	-0.005331	0.03	-0.57
0.001172	-0.005828	0.001117	-0.005331	0.001066	-0.004849	0.03	-0.54
0.001117	-0.005331	0.001066	-0.004849	0.001016	-0.004386	0.02	-0.60
0.001066	-0.004849	0.001016	-0.004386	0.000968	-0.003939	0.02	-0.58
0.001016	-0.004386	0.000968	-0.003939	0.000923	-0.003509	0.02	-0.57
0.000968	-0.003939	0.000923	-0.003509	0.000880	-0.003097	0.02	-0.58
0.000923	-0.003509	0.000880	-0.003097	0.000838	-0.002702	0.02	-0.58
0.000880	-0.003097	0.000838	-0.002702	0.000799	-0.002323	0.02	-0.58
0.000838	-0.002702	0.000799	-0.002323	0.000762	-0.001962	0.02	-0.57
0.000799	-0.002323	0.000762	-0.001962	0.000726	-0.001618	0.02	-0.59
0.000762	-0.001962	0.000726	-0.001618	0.000692	-0.001292	0.02	-0.60
0.000726	-0.001618	0.000692	-0.001292	0.000660	-0.000983	0.02	-0.58
0.000692	-0.001292	0.000660	-0.000983	0.000629	-0.000688	0.02	-0.49
0.000660	-0.000983	0.000629	-0.000688	0.000600	-0.000410	0.02	-0.54
0.000629	-0.000688	0.000600	-0.000410	0.000572	-0.000146	0.01	-0.49
0.000600	-0.000410	0.000572	-0.000146	0.000545	0.000103	0.01	-0.49
0.000572	-0.000146	0.000545	0.000103	0.000520	0.000338	0.01	-0.49
0.000545	0.000103	0.000520	0.000338	0.000495	0.000559	0.01	-0.46
0.000520	0.000338	0.000495	0.000559	0.000472	0.000767	0.01	-0.44
0.000495	0.000559	0.000472	0.000767	0.000450	0.000960	0.01	-0.48
0.000472	0.000767	0.000450	0.000960	0.000429	0.001139	0.01	-0.50
0.000450	0.000960	0.000429	0.001139	0.000409	0.001306	0.01	-0.42
0.000429	0.001139	0.000409	0.001306	0.000390	0.001459	0.01	-0.42
0.000409	0.001306	0.000390	0.001459	0.000371	0.001600	0.01	-0.43
0.000390	0.001459	0.000371	0.001600	0.000354	0.001729	0.01	-0.42
0.000371	0.001600	0.000354	0.001729	0.000338	0.001846	0.01	-0.39
0.000354	0.001729	0.000338	0.001846	0.000322	0.001952	0.01	-0.39
0.000338	0.001846	0.000322	0.001952	0.000307	0.002046	0.01	-0.38
